
[0 0 0 0 1√2e-1 1√2e-1 ] 
[0 0 0 1√2e-1 -1e-1 1e-1 ] 
[0 0 0 -1√2e-1 -1e-1 1e-1 ] 
[0 0 1 0 0 0 ] 
[0 1 0 0 0 0 ] 
[1 0 0 0 0 0 ] 


[0 0 0 0 1√2e-1 1√2e-1 ] 
[0 0 0 1√2e-1 -1e-1 1e-1 ] 
[0 0 0 1√2e-1 1e-1 -1e-1 ] 
[0 0 1 0 0 0 ] 
[0 1 0 0 0 0 ] 
[1 0 0 0 0 0 ] 


[0 0 0 1e-1 1e-1 1√2e-1 ] 
[0 0 0 -1√2e-1 1√2e-1 0 ] 
[0 0 0 -1e-1 -1e-1 1√2e-1 ] 
[0 0 1 0 0 0 ] 
[0 1 0 0 0 0 ] 
[1 0 0 0 0 0 ] 


[0 0 0 1e-1 1e-1 1√2e-1 ] 
[0 0 0 -1√2e-1 1√2e-1 0 ] 
[0 0 0 1e-1 1e-1 -1√2e-1 ] 
[0 0 1 0 0 0 ] 
[0 1 0 0 0 0 ] 
[1 0 0 0 0 0 ] 


[0 0 0 1e-1 1e-1 1√2e-1 ] 
[0 0 0 -1e-1 -1e-1 1√2e-1 ] 
[0 0 0 -1√2e-1 1√2e-1 0 ] 
[0 0 1 0 0 0 ] 
[0 1 0 0 0 0 ] 
[1 0 0 0 0 0 ] 


[0 0 0 1e-1 1e-1 1√2e-1 ] 
[0 0 0 1e-1 1e-1 -1√2e-1 ] 
[0 0 0 -1√2e-1 1√2e-1 0 ] 
[0 0 1 0 0 0 ] 
[0 1 0 0 0 0 ] 
[1 0 0 0 0 0 ] 


[0 0 0 0 1√2e-1 1√2e-1 ] 
[0 0 0 0 -1√2e-1 1√2e-1 ] 
[0 0 1√2e-1 1√2e-1 0 0 ] 
[0 0 -1√2e-1 1√2e-1 0 0 ] 
[0 1 0 0 0 0 ] 
[1 0 0 0 0 0 ] 


[0 0 0 0 0 1 ] 
[0 0 0 1√2e-1 1√2e-1 0 ] 
[0 0 1√2e-1 -1e-1 1e-1 0 ] 
[0 0 -1√2e-1 -1e-1 1e-1 0 ] 
[0 1 0 0 0 0 ] 
[1 0 0 0 0 0 ] 


[0 0 0 0 1√2e-1 1√2e-1 ] 
[0 0 0 1 0 0 ] 
[0 0 1√2e-1 0 -1e-1 1e-1 ] 
[0 0 -1√2e-1 0 -1e-1 1e-1 ] 
[0 1 0 0 0 0 ] 
[1 0 0 0 0 0 ] 


[0 0 0 0 0 1 ] 
[0 0 0 1√2e-1 1√2e-1 0 ] 
[0 0 1√2e-1 -1e-1 1e-1 0 ] 
[0 0 1√2e-1 1e-1 -1e-1 0 ] 
[0 1 0 0 0 0 ] 
[1 0 0 0 0 0 ] 


[0 0 0 0 1√2e-1 1√2e-1 ] 
[0 0 0 1 0 0 ] 
[0 0 1√2e-1 0 -1e-1 1e-1 ] 
[0 0 1√2e-1 0 1e-1 -1e-1 ] 
[0 1 0 0 0 0 ] 
[1 0 0 0 0 0 ] 


[0 0 0 0 1√2e-1 1√2e-1 ] 
[0 0 0 1√2e-1 -1e-1 1e-1 ] 
[0 0 1 0 0 0 ] 
[0 0 0 -1√2e-1 -1e-1 1e-1 ] 
[0 1 0 0 0 0 ] 
[1 0 0 0 0 0 ] 


[0 0 0 0 1√2e-1 1√2e-1 ] 
[0 0 0 1√2e-1 -1e-1 1e-1 ] 
[0 0 1 0 0 0 ] 
[0 0 0 1√2e-1 1e-1 -1e-1 ] 
[0 1 0 0 0 0 ] 
[1 0 0 0 0 0 ] 


[0 0 0 1e-1 1e-1 1√2e-1 ] 
[0 0 0 -1√2e-1 1√2e-1 0 ] 
[0 0 1 0 0 0 ] 
[0 0 0 -1e-1 -1e-1 1√2e-1 ] 
[0 1 0 0 0 0 ] 
[1 0 0 0 0 0 ] 


[0 0 0 1e-1 1e-1 1√2e-1 ] 
[0 0 0 -1√2e-1 1√2e-1 0 ] 
[0 0 1 0 0 0 ] 
[0 0 0 1e-1 1e-1 -1√2e-1 ] 
[0 1 0 0 0 0 ] 
[1 0 0 0 0 0 ] 


[0 0 0 1e-1 1e-1 1√2e-1 ] 
[0 0 0 -1e-1 -1e-1 1√2e-1 ] 
[0 0 1 0 0 0 ] 
[0 0 0 -1√2e-1 1√2e-1 0 ] 
[0 1 0 0 0 0 ] 
[1 0 0 0 0 0 ] 


[0 0 0 1e-1 1e-1 1√2e-1 ] 
[0 0 0 1e-1 1e-1 -1√2e-1 ] 
[0 0 1 0 0 0 ] 
[0 0 0 -1√2e-1 1√2e-1 0 ] 
[0 1 0 0 0 0 ] 
[1 0 0 0 0 0 ] 


[0 0 0 0 0 1 ] 
[0 0 1e-1 1e-1 1√2e-1 0 ] 
[0 0 -1√2e-1 1√2e-1 0 0 ] 
[0 0 -1e-1 -1e-1 1√2e-1 0 ] 
[0 1 0 0 0 0 ] 
[1 0 0 0 0 0 ] 


[0 0 0 0 0 1 ] 
[0 0 1e-1 1e-1 1√2e-1 0 ] 
[0 0 -1√2e-1 1√2e-1 0 0 ] 
[0 0 1e-1 1e-1 -1√2e-1 0 ] 
[0 1 0 0 0 0 ] 
[1 0 0 0 0 0 ] 


[0 0 0 0 0 1 ] 
[0 0 1e-1 1e-1 1√2e-1 0 ] 
[0 0 -1e-1 -1e-1 1√2e-1 0 ] 
[0 0 -1√2e-1 1√2e-1 0 0 ] 
[0 1 0 0 0 0 ] 
[1 0 0 0 0 0 ] 


[0 0 0 0 0 1 ] 
[0 0 1e-1 1e-1 1√2e-1 0 ] 
[0 0 1e-1 1e-1 -1√2e-1 0 ] 
[0 0 -1√2e-1 1√2e-1 0 0 ] 
[0 1 0 0 0 0 ] 
[1 0 0 0 0 0 ] 


[0 0 0 0 1√2e-1 1√2e-1 ] 
[0 0 1√2e-1 1√2e-1 0 0 ] 
[0 0 -1√2e-1 1√2e-1 0 0 ] 
[0 0 0 0 -1√2e-1 1√2e-1 ] 
[0 1 0 0 0 0 ] 
[1 0 0 0 0 0 ] 


[0 0 0 0 1√2e-1 1√2e-1 ] 
[0 0 1√2e-1 1√2e-1 0 0 ] 
[0 0 0 0 -1√2e-1 1√2e-1 ] 
[0 0 -1√2e-1 1√2e-1 0 0 ] 
[0 1 0 0 0 0 ] 
[1 0 0 0 0 0 ] 


[0 0 0 1e-1 1e-1 1√2e-1 ] 
[0 0 1 0 0 0 ] 
[0 0 0 -1√2e-1 1√2e-1 0 ] 
[0 0 0 -1e-1 -1e-1 1√2e-1 ] 
[0 1 0 0 0 0 ] 
[1 0 0 0 0 0 ] 


[0 0 0 1e-1 1e-1 1√2e-1 ] 
[0 0 1 0 0 0 ] 
[0 0 0 -1√2e-1 1√2e-1 0 ] 
[0 0 0 1e-1 1e-1 -1√2e-1 ] 
[0 1 0 0 0 0 ] 
[1 0 0 0 0 0 ] 


[0 0 0 1e-1 1e-1 1√2e-1 ] 
[0 0 1 0 0 0 ] 
[0 0 0 -1e-1 -1e-1 1√2e-1 ] 
[0 0 0 -1√2e-1 1√2e-1 0 ] 
[0 1 0 0 0 0 ] 
[1 0 0 0 0 0 ] 


[0 0 0 1e-1 1e-1 1√2e-1 ] 
[0 0 1 0 0 0 ] 
[0 0 0 1e-1 1e-1 -1√2e-1 ] 
[0 0 0 -1√2e-1 1√2e-1 0 ] 
[0 1 0 0 0 0 ] 
[1 0 0 0 0 0 ] 


[0 0 0 0 1√2e-1 1√2e-1 ] 
[0 0 0 0 -1√2e-1 1√2e-1 ] 
[0 0 0 1 0 0 ] 
[0 1√2e-1 1√2e-1 0 0 0 ] 
[0 -1√2e-1 1√2e-1 0 0 0 ] 
[1 0 0 0 0 0 ] 


[0 0 0 0 0 1 ] 
[0 0 0 1√2e-1 1√2e-1 0 ] 
[0 0 0 -1√2e-1 1√2e-1 0 ] 
[0 1√2e-1 1√2e-1 0 0 0 ] 
[0 -1√2e-1 1√2e-1 0 0 0 ] 
[1 0 0 0 0 0 ] 


[0 0 0 0 1√2e-1 1√2e-1 ] 
[0 0 0 1 0 0 ] 
[0 0 0 0 -1√2e-1 1√2e-1 ] 
[0 1√2e-1 1√2e-1 0 0 0 ] 
[0 -1√2e-1 1√2e-1 0 0 0 ] 
[1 0 0 0 0 0 ] 


[0 0 0 0 0 1 ] 
[0 0 0 0 1 0 ] 
[0 0 1√2e-1 1√2e-1 0 0 ] 
[0 1√2e-1 -1e-1 1e-1 0 0 ] 
[0 -1√2e-1 -1e-1 1e-1 0 0 ] 
[1 0 0 0 0 0 ] 


[0 0 0 0 0 1 ] 
[0 0 0 1√2e-1 1√2e-1 0 ] 
[0 0 1 0 0 0 ] 
[0 1√2e-1 0 -1e-1 1e-1 0 ] 
[0 -1√2e-1 0 -1e-1 1e-1 0 ] 
[1 0 0 0 0 0 ] 


[0 0 0 0 1√2e-1 1√2e-1 ] 
[0 0 0 1 0 0 ] 
[0 0 1 0 0 0 ] 
[0 1√2e-1 0 0 -1e-1 1e-1 ] 
[0 -1√2e-1 0 0 -1e-1 1e-1 ] 
[1 0 0 0 0 0 ] 


[0 0 0 0 0 1 ] 
[0 0 0 0 1 0 ] 
[0 0 1√2e-1 1√2e-1 0 0 ] 
[0 1√2e-1 -1e-1 1e-1 0 0 ] 
[0 1√2e-1 1e-1 -1e-1 0 0 ] 
[1 0 0 0 0 0 ] 


[0 0 0 0 0 1 ] 
[0 0 0 1√2e-1 1√2e-1 0 ] 
[0 0 1 0 0 0 ] 
[0 1√2e-1 0 -1e-1 1e-1 0 ] 
[0 1√2e-1 0 1e-1 -1e-1 0 ] 
[1 0 0 0 0 0 ] 


[0 0 0 0 1√2e-1 1√2e-1 ] 
[0 0 0 1 0 0 ] 
[0 0 1 0 0 0 ] 
[0 1√2e-1 0 0 -1e-1 1e-1 ] 
[0 1√2e-1 0 0 1e-1 -1e-1 ] 
[1 0 0 0 0 0 ] 


[0 0 0 0 1√2e-1 1√2e-1 ] 
[0 0 0 0 -1√2e-1 1√2e-1 ] 
[0 0 1√2e-1 1√2e-1 0 0 ] 
[0 1 0 0 0 0 ] 
[0 0 -1√2e-1 1√2e-1 0 0 ] 
[1 0 0 0 0 0 ] 


[0 0 0 0 0 1 ] 
[0 0 0 1√2e-1 1√2e-1 0 ] 
[0 0 1√2e-1 -1e-1 1e-1 0 ] 
[0 1 0 0 0 0 ] 
[0 0 -1√2e-1 -1e-1 1e-1 0 ] 
[1 0 0 0 0 0 ] 


[0 0 0 0 1√2e-1 1√2e-1 ] 
[0 0 0 1 0 0 ] 
[0 0 1√2e-1 0 -1e-1 1e-1 ] 
[0 1 0 0 0 0 ] 
[0 0 -1√2e-1 0 -1e-1 1e-1 ] 
[1 0 0 0 0 0 ] 


[0 0 0 0 0 1 ] 
[0 0 0 1√2e-1 1√2e-1 0 ] 
[0 0 1√2e-1 -1e-1 1e-1 0 ] 
[0 1 0 0 0 0 ] 
[0 0 1√2e-1 1e-1 -1e-1 0 ] 
[1 0 0 0 0 0 ] 


[0 0 0 0 1√2e-1 1√2e-1 ] 
[0 0 0 1 0 0 ] 
[0 0 1√2e-1 0 -1e-1 1e-1 ] 
[0 1 0 0 0 0 ] 
[0 0 1√2e-1 0 1e-1 -1e-1 ] 
[1 0 0 0 0 0 ] 


[0 0 0 0 1√2e-1 1√2e-1 ] 
[0 0 0 1√2e-1 -1e-1 1e-1 ] 
[0 0 1 0 0 0 ] 
[0 1 0 0 0 0 ] 
[0 0 0 -1√2e-1 -1e-1 1e-1 ] 
[1 0 0 0 0 0 ] 


[0 0 0 0 1√2e-1 1√2e-1 ] 
[0 0 0 1√2e-1 -1e-1 1e-1 ] 
[0 0 1 0 0 0 ] 
[0 1 0 0 0 0 ] 
[0 0 0 1√2e-1 1e-1 -1e-1 ] 
[1 0 0 0 0 0 ] 


[0 0 0 1e-1 1e-1 1√2e-1 ] 
[0 0 0 -1√2e-1 1√2e-1 0 ] 
[0 0 1 0 0 0 ] 
[0 1 0 0 0 0 ] 
[0 0 0 -1e-1 -1e-1 1√2e-1 ] 
[1 0 0 0 0 0 ] 


[0 0 0 1e-1 1e-1 1√2e-1 ] 
[0 0 0 -1√2e-1 1√2e-1 0 ] 
[0 0 1 0 0 0 ] 
[0 1 0 0 0 0 ] 
[0 0 0 1e-1 1e-1 -1√2e-1 ] 
[1 0 0 0 0 0 ] 


[0 0 0 1e-1 1e-1 1√2e-1 ] 
[0 0 0 -1e-1 -1e-1 1√2e-1 ] 
[0 0 1 0 0 0 ] 
[0 1 0 0 0 0 ] 
[0 0 0 -1√2e-1 1√2e-1 0 ] 
[1 0 0 0 0 0 ] 


[0 0 0 1e-1 1e-1 1√2e-1 ] 
[0 0 0 1e-1 1e-1 -1√2e-1 ] 
[0 0 1 0 0 0 ] 
[0 1 0 0 0 0 ] 
[0 0 0 -1√2e-1 1√2e-1 0 ] 
[1 0 0 0 0 0 ] 


[0 0 0 0 0 1 ] 
[0 0 1e-1 1e-1 1√2e-1 0 ] 
[0 0 -1√2e-1 1√2e-1 0 0 ] 
[0 1 0 0 0 0 ] 
[0 0 -1e-1 -1e-1 1√2e-1 0 ] 
[1 0 0 0 0 0 ] 


[0 0 0 0 0 1 ] 
[0 0 1e-1 1e-1 1√2e-1 0 ] 
[0 0 -1√2e-1 1√2e-1 0 0 ] 
[0 1 0 0 0 0 ] 
[0 0 1e-1 1e-1 -1√2e-1 0 ] 
[1 0 0 0 0 0 ] 


[0 0 0 0 0 1 ] 
[0 0 1e-1 1e-1 1√2e-1 0 ] 
[0 0 -1e-1 -1e-1 1√2e-1 0 ] 
[0 1 0 0 0 0 ] 
[0 0 -1√2e-1 1√2e-1 0 0 ] 
[1 0 0 0 0 0 ] 


[0 0 0 0 0 1 ] 
[0 0 1e-1 1e-1 1√2e-1 0 ] 
[0 0 1e-1 1e-1 -1√2e-1 0 ] 
[0 1 0 0 0 0 ] 
[0 0 -1√2e-1 1√2e-1 0 0 ] 
[1 0 0 0 0 0 ] 


[0 0 0 0 1√2e-1 1√2e-1 ] 
[0 0 1√2e-1 1√2e-1 0 0 ] 
[0 0 -1√2e-1 1√2e-1 0 0 ] 
[0 1 0 0 0 0 ] 
[0 0 0 0 -1√2e-1 1√2e-1 ] 
[1 0 0 0 0 0 ] 


[0 0 0 0 1√2e-1 1√2e-1 ] 
[0 0 1√2e-1 1√2e-1 0 0 ] 
[0 0 0 0 -1√2e-1 1√2e-1 ] 
[0 1 0 0 0 0 ] 
[0 0 -1√2e-1 1√2e-1 0 0 ] 
[1 0 0 0 0 0 ] 


[0 0 0 1e-1 1e-1 1√2e-1 ] 
[0 0 1 0 0 0 ] 
[0 0 0 -1√2e-1 1√2e-1 0 ] 
[0 1 0 0 0 0 ] 
[0 0 0 -1e-1 -1e-1 1√2e-1 ] 
[1 0 0 0 0 0 ] 


[0 0 0 1e-1 1e-1 1√2e-1 ] 
[0 0 1 0 0 0 ] 
[0 0 0 -1√2e-1 1√2e-1 0 ] 
[0 1 0 0 0 0 ] 
[0 0 0 1e-1 1e-1 -1√2e-1 ] 
[1 0 0 0 0 0 ] 


[0 0 0 1e-1 1e-1 1√2e-1 ] 
[0 0 1 0 0 0 ] 
[0 0 0 -1e-1 -1e-1 1√2e-1 ] 
[0 1 0 0 0 0 ] 
[0 0 0 -1√2e-1 1√2e-1 0 ] 
[1 0 0 0 0 0 ] 


[0 0 0 1e-1 1e-1 1√2e-1 ] 
[0 0 1 0 0 0 ] 
[0 0 0 1e-1 1e-1 -1√2e-1 ] 
[0 1 0 0 0 0 ] 
[0 0 0 -1√2e-1 1√2e-1 0 ] 
[1 0 0 0 0 0 ] 


[0 0 0 0 0 1 ] 
[0 0 0 0 1 0 ] 
[0 1e-1 1e-1 1√2e-1 0 0 ] 
[0 -1√2e-1 1√2e-1 0 0 0 ] 
[0 -1e-1 -1e-1 1√2e-1 0 0 ] 
[1 0 0 0 0 0 ] 


[0 0 0 0 0 1 ] 
[0 0 0 0 1 0 ] 
[0 1e-1 1e-1 1√2e-1 0 0 ] 
[0 -1√2e-1 1√2e-1 0 0 0 ] 
[0 1e-1 1e-1 -1√2e-1 0 0 ] 
[1 0 0 0 0 0 ] 


[0 0 0 0 0 1 ] 
[0 0 0 0 1 0 ] 
[0 1e-1 1e-1 1√2e-1 0 0 ] 
[0 -1e-1 -1e-1 1√2e-1 0 0 ] 
[0 -1√2e-1 1√2e-1 0 0 0 ] 
[1 0 0 0 0 0 ] 


[0 0 0 0 0 1 ] 
[0 0 0 0 1 0 ] 
[0 1e-1 1e-1 1√2e-1 0 0 ] 
[0 1e-1 1e-1 -1√2e-1 0 0 ] 
[0 -1√2e-1 1√2e-1 0 0 0 ] 
[1 0 0 0 0 0 ] 


[0 0 0 0 0 1 ] 
[0 0 0 1√2e-1 1√2e-1 0 ] 
[0 1√2e-1 1√2e-1 0 0 0 ] 
[0 -1√2e-1 1√2e-1 0 0 0 ] 
[0 0 0 -1√2e-1 1√2e-1 0 ] 
[1 0 0 0 0 0 ] 


[0 0 0 0 1√2e-1 1√2e-1 ] 
[0 0 0 1 0 0 ] 
[0 1√2e-1 1√2e-1 0 0 0 ] 
[0 -1√2e-1 1√2e-1 0 0 0 ] 
[0 0 0 0 -1√2e-1 1√2e-1 ] 
[1 0 0 0 0 0 ] 


[0 0 0 0 0 1 ] 
[0 0 0 1√2e-1 1√2e-1 0 ] 
[0 1√2e-1 1√2e-1 0 0 0 ] 
[0 0 0 -1√2e-1 1√2e-1 0 ] 
[0 -1√2e-1 1√2e-1 0 0 0 ] 
[1 0 0 0 0 0 ] 


[0 0 0 0 1√2e-1 1√2e-1 ] 
[0 0 0 1 0 0 ] 
[0 1√2e-1 1√2e-1 0 0 0 ] 
[0 0 0 0 -1√2e-1 1√2e-1 ] 
[0 -1√2e-1 1√2e-1 0 0 0 ] 
[1 0 0 0 0 0 ] 


[0 0 0 0 0 1 ] 
[0 0 1e-1 1e-1 1√2e-1 0 ] 
[0 1 0 0 0 0 ] 
[0 0 -1√2e-1 1√2e-1 0 0 ] 
[0 0 -1e-1 -1e-1 1√2e-1 0 ] 
[1 0 0 0 0 0 ] 


[0 0 0 0 0 1 ] 
[0 0 1e-1 1e-1 1√2e-1 0 ] 
[0 1 0 0 0 0 ] 
[0 0 -1√2e-1 1√2e-1 0 0 ] 
[0 0 1e-1 1e-1 -1√2e-1 0 ] 
[1 0 0 0 0 0 ] 


[0 0 0 0 0 1 ] 
[0 0 1e-1 1e-1 1√2e-1 0 ] 
[0 1 0 0 0 0 ] 
[0 0 -1e-1 -1e-1 1√2e-1 0 ] 
[0 0 -1√2e-1 1√2e-1 0 0 ] 
[1 0 0 0 0 0 ] 


[0 0 0 0 0 1 ] 
[0 0 1e-1 1e-1 1√2e-1 0 ] 
[0 1 0 0 0 0 ] 
[0 0 1e-1 1e-1 -1√2e-1 0 ] 
[0 0 -1√2e-1 1√2e-1 0 0 ] 
[1 0 0 0 0 0 ] 


[0 0 0 0 1√2e-1 1√2e-1 ] 
[0 0 1√2e-1 1√2e-1 0 0 ] 
[0 1 0 0 0 0 ] 
[0 0 -1√2e-1 1√2e-1 0 0 ] 
[0 0 0 0 -1√2e-1 1√2e-1 ] 
[1 0 0 0 0 0 ] 


[0 0 0 0 1√2e-1 1√2e-1 ] 
[0 0 1√2e-1 1√2e-1 0 0 ] 
[0 1 0 0 0 0 ] 
[0 0 0 0 -1√2e-1 1√2e-1 ] 
[0 0 -1√2e-1 1√2e-1 0 0 ] 
[1 0 0 0 0 0 ] 


[0 0 0 1e-1 1e-1 1√2e-1 ] 
[0 0 1 0 0 0 ] 
[0 1 0 0 0 0 ] 
[0 0 0 -1√2e-1 1√2e-1 0 ] 
[0 0 0 -1e-1 -1e-1 1√2e-1 ] 
[1 0 0 0 0 0 ] 


[0 0 0 1e-1 1e-1 1√2e-1 ] 
[0 0 1 0 0 0 ] 
[0 1 0 0 0 0 ] 
[0 0 0 -1√2e-1 1√2e-1 0 ] 
[0 0 0 1e-1 1e-1 -1√2e-1 ] 
[1 0 0 0 0 0 ] 


[0 0 0 1e-1 1e-1 1√2e-1 ] 
[0 0 1 0 0 0 ] 
[0 1 0 0 0 0 ] 
[0 0 0 -1e-1 -1e-1 1√2e-1 ] 
[0 0 0 -1√2e-1 1√2e-1 0 ] 
[1 0 0 0 0 0 ] 


[0 0 0 1e-1 1e-1 1√2e-1 ] 
[0 0 1 0 0 0 ] 
[0 1 0 0 0 0 ] 
[0 0 0 1e-1 1e-1 -1√2e-1 ] 
[0 0 0 -1√2e-1 1√2e-1 0 ] 
[1 0 0 0 0 0 ] 


[0 0 0 0 1√2e-1 1√2e-1 ] 
[0 0 0 0 -1√2e-1 1√2e-1 ] 
[0 0 0 1 0 0 ] 
[0 0 1 0 0 0 ] 
[1√2e-1 1√2e-1 0 0 0 0 ] 
[-1√2e-1 1√2e-1 0 0 0 0 ] 


[0 0 0 0 0 1 ] 
[0 0 0 1√2e-1 1√2e-1 0 ] 
[0 0 0 -1√2e-1 1√2e-1 0 ] 
[0 0 1 0 0 0 ] 
[1√2e-1 1√2e-1 0 0 0 0 ] 
[-1√2e-1 1√2e-1 0 0 0 0 ] 


[0 0 0 0 1√2e-1 1√2e-1 ] 
[0 0 0 1 0 0 ] 
[0 0 0 0 -1√2e-1 1√2e-1 ] 
[0 0 1 0 0 0 ] 
[1√2e-1 1√2e-1 0 0 0 0 ] 
[-1√2e-1 1√2e-1 0 0 0 0 ] 


[0 0 0 0 0 1 ] 
[0 0 0 0 1 0 ] 
[0 0 1√2e-1 1√2e-1 0 0 ] 
[0 0 -1√2e-1 1√2e-1 0 0 ] 
[1√2e-1 1√2e-1 0 0 0 0 ] 
[-1√2e-1 1√2e-1 0 0 0 0 ] 


[0 0 0 0 0 1 ] 
[0 0 0 1√2e-1 1√2e-1 0 ] 
[0 0 1 0 0 0 ] 
[0 0 0 -1√2e-1 1√2e-1 0 ] 
[1√2e-1 1√2e-1 0 0 0 0 ] 
[-1√2e-1 1√2e-1 0 0 0 0 ] 


[0 0 0 0 1√2e-1 1√2e-1 ] 
[0 0 0 1 0 0 ] 
[0 0 1 0 0 0 ] 
[0 0 0 0 -1√2e-1 1√2e-1 ] 
[1√2e-1 1√2e-1 0 0 0 0 ] 
[-1√2e-1 1√2e-1 0 0 0 0 ] 


[0 0 0 0 0 1 ] 
[0 0 0 0 1 0 ] 
[0 0 0 1 0 0 ] 
[0 1√2e-1 1√2e-1 0 0 0 ] 
[1√2e-1 -1e-1 1e-1 0 0 0 ] 
[-1√2e-1 -1e-1 1e-1 0 0 0 ] 


[0 0 0 0 0 1 ] 
[0 0 0 0 1 0 ] 
[0 0 1√2e-1 1√2e-1 0 0 ] 
[0 1 0 0 0 0 ] 
[1√2e-1 0 -1e-1 1e-1 0 0 ] 
[-1√2e-1 0 -1e-1 1e-1 0 0 ] 


[0 0 0 0 0 1 ] 
[0 0 0 1√2e-1 1√2e-1 0 ] 
[0 0 1 0 0 0 ] 
[0 1 0 0 0 0 ] 
[1√2e-1 0 0 -1e-1 1e-1 0 ] 
[-1√2e-1 0 0 -1e-1 1e-1 0 ] 


[0 0 0 0 1√2e-1 1√2e-1 ] 
[0 0 0 1 0 0 ] 
[0 0 1 0 0 0 ] 
[0 1 0 0 0 0 ] 
[1√2e-1 0 0 0 -1e-1 1e-1 ] 
[-1√2e-1 0 0 0 -1e-1 1e-1 ] 


[0 0 0 0 0 1 ] 
[0 0 0 0 1 0 ] 
[0 0 0 1 0 0 ] 
[0 1√2e-1 1√2e-1 0 0 0 ] 
[1√2e-1 -1e-1 1e-1 0 0 0 ] 
[1√2e-1 1e-1 -1e-1 0 0 0 ] 


[0 0 0 0 0 1 ] 
[0 0 0 0 1 0 ] 
[0 0 1√2e-1 1√2e-1 0 0 ] 
[0 1 0 0 0 0 ] 
[1√2e-1 0 -1e-1 1e-1 0 0 ] 
[1√2e-1 0 1e-1 -1e-1 0 0 ] 


[0 0 0 0 0 1 ] 
[0 0 0 1√2e-1 1√2e-1 0 ] 
[0 0 1 0 0 0 ] 
[0 1 0 0 0 0 ] 
[1√2e-1 0 0 -1e-1 1e-1 0 ] 
[1√2e-1 0 0 1e-1 -1e-1 0 ] 


[0 0 0 0 1√2e-1 1√2e-1 ] 
[0 0 0 1 0 0 ] 
[0 0 1 0 0 0 ] 
[0 1 0 0 0 0 ] 
[1√2e-1 0 0 0 -1e-1 1e-1 ] 
[1√2e-1 0 0 0 1e-1 -1e-1 ] 


[0 0 0 0 1√2e-1 1√2e-1 ] 
[0 0 0 0 -1√2e-1 1√2e-1 ] 
[0 0 0 1 0 0 ] 
[0 1√2e-1 1√2e-1 0 0 0 ] 
[1 0 0 0 0 0 ] 
[0 -1√2e-1 1√2e-1 0 0 0 ] 


[0 0 0 0 0 1 ] 
[0 0 0 1√2e-1 1√2e-1 0 ] 
[0 0 0 -1√2e-1 1√2e-1 0 ] 
[0 1√2e-1 1√2e-1 0 0 0 ] 
[1 0 0 0 0 0 ] 
[0 -1√2e-1 1√2e-1 0 0 0 ] 


[0 0 0 0 1√2e-1 1√2e-1 ] 
[0 0 0 1 0 0 ] 
[0 0 0 0 -1√2e-1 1√2e-1 ] 
[0 1√2e-1 1√2e-1 0 0 0 ] 
[1 0 0 0 0 0 ] 
[0 -1√2e-1 1√2e-1 0 0 0 ] 


[0 0 0 0 0 1 ] 
[0 0 0 0 1 0 ] 
[0 0 1√2e-1 1√2e-1 0 0 ] 
[0 1√2e-1 -1e-1 1e-1 0 0 ] 
[1 0 0 0 0 0 ] 
[0 -1√2e-1 -1e-1 1e-1 0 0 ] 


[0 0 0 0 0 1 ] 
[0 0 0 1√2e-1 1√2e-1 0 ] 
[0 0 1 0 0 0 ] 
[0 1√2e-1 0 -1e-1 1e-1 0 ] 
[1 0 0 0 0 0 ] 
[0 -1√2e-1 0 -1e-1 1e-1 0 ] 


[0 0 0 0 1√2e-1 1√2e-1 ] 
[0 0 0 1 0 0 ] 
[0 0 1 0 0 0 ] 
[0 1√2e-1 0 0 -1e-1 1e-1 ] 
[1 0 0 0 0 0 ] 
[0 -1√2e-1 0 0 -1e-1 1e-1 ] 


[0 0 0 0 0 1 ] 
[0 0 0 0 1 0 ] 
[0 0 1√2e-1 1√2e-1 0 0 ] 
[0 1√2e-1 -1e-1 1e-1 0 0 ] 
[1 0 0 0 0 0 ] 
[0 1√2e-1 1e-1 -1e-1 0 0 ] 


[0 0 0 0 0 1 ] 
[0 0 0 1√2e-1 1√2e-1 0 ] 
[0 0 1 0 0 0 ] 
[0 1√2e-1 0 -1e-1 1e-1 0 ] 
[1 0 0 0 0 0 ] 
[0 1√2e-1 0 1e-1 -1e-1 0 ] 


[0 0 0 0 1√2e-1 1√2e-1 ] 
[0 0 0 1 0 0 ] 
[0 0 1 0 0 0 ] 
[0 1√2e-1 0 0 -1e-1 1e-1 ] 
[1 0 0 0 0 0 ] 
[0 1√2e-1 0 0 1e-1 -1e-1 ] 


[0 0 0 0 1√2e-1 1√2e-1 ] 
[0 0 0 0 -1√2e-1 1√2e-1 ] 
[0 0 1√2e-1 1√2e-1 0 0 ] 
[0 1 0 0 0 0 ] 
[1 0 0 0 0 0 ] 
[0 0 -1√2e-1 1√2e-1 0 0 ] 


[0 0 0 0 0 1 ] 
[0 0 0 1√2e-1 1√2e-1 0 ] 
[0 0 1√2e-1 -1e-1 1e-1 0 ] 
[0 1 0 0 0 0 ] 
[1 0 0 0 0 0 ] 
[0 0 -1√2e-1 -1e-1 1e-1 0 ] 


[0 0 0 0 1√2e-1 1√2e-1 ] 
[0 0 0 1 0 0 ] 
[0 0 1√2e-1 0 -1e-1 1e-1 ] 
[0 1 0 0 0 0 ] 
[1 0 0 0 0 0 ] 
[0 0 -1√2e-1 0 -1e-1 1e-1 ] 


[0 0 0 0 0 1 ] 
[0 0 0 1√2e-1 1√2e-1 0 ] 
[0 0 1√2e-1 -1e-1 1e-1 0 ] 
[0 1 0 0 0 0 ] 
[1 0 0 0 0 0 ] 
[0 0 1√2e-1 1e-1 -1e-1 0 ] 


[0 0 0 0 1√2e-1 1√2e-1 ] 
[0 0 0 1 0 0 ] 
[0 0 1√2e-1 0 -1e-1 1e-1 ] 
[0 1 0 0 0 0 ] 
[1 0 0 0 0 0 ] 
[0 0 1√2e-1 0 1e-1 -1e-1 ] 


[0 0 0 0 1√2e-1 1√2e-1 ] 
[0 0 0 1√2e-1 -1e-1 1e-1 ] 
[0 0 1 0 0 0 ] 
[0 1 0 0 0 0 ] 
[1 0 0 0 0 0 ] 
[0 0 0 -1√2e-1 -1e-1 1e-1 ] 


[0 0 0 0 1√2e-1 1√2e-1 ] 
[0 0 0 1√2e-1 -1e-1 1e-1 ] 
[0 0 1 0 0 0 ] 
[0 1 0 0 0 0 ] 
[1 0 0 0 0 0 ] 
[0 0 0 1√2e-1 1e-1 -1e-1 ] 


[0 0 0 1e-1 1e-1 1√2e-1 ] 
[0 0 0 -1√2e-1 1√2e-1 0 ] 
[0 0 1 0 0 0 ] 
[0 1 0 0 0 0 ] 
[1 0 0 0 0 0 ] 
[0 0 0 -1e-1 -1e-1 1√2e-1 ] 


[0 0 0 1e-1 1e-1 1√2e-1 ] 
[0 0 0 -1√2e-1 1√2e-1 0 ] 
[0 0 1 0 0 0 ] 
[0 1 0 0 0 0 ] 
[1 0 0 0 0 0 ] 
[0 0 0 1e-1 1e-1 -1√2e-1 ] 


[0 0 0 1e-1 1e-1 1√2e-1 ] 
[0 0 0 -1e-1 -1e-1 1√2e-1 ] 
[0 0 1 0 0 0 ] 
[0 1 0 0 0 0 ] 
[1 0 0 0 0 0 ] 
[0 0 0 -1√2e-1 1√2e-1 0 ] 


[0 0 0 1e-1 1e-1 1√2e-1 ] 
[0 0 0 1e-1 1e-1 -1√2e-1 ] 
[0 0 1 0 0 0 ] 
[0 1 0 0 0 0 ] 
[1 0 0 0 0 0 ] 
[0 0 0 -1√2e-1 1√2e-1 0 ] 


[0 0 0 0 0 1 ] 
[0 0 1e-1 1e-1 1√2e-1 0 ] 
[0 0 -1√2e-1 1√2e-1 0 0 ] 
[0 1 0 0 0 0 ] 
[1 0 0 0 0 0 ] 
[0 0 -1e-1 -1e-1 1√2e-1 0 ] 


[0 0 0 0 0 1 ] 
[0 0 1e-1 1e-1 1√2e-1 0 ] 
[0 0 -1√2e-1 1√2e-1 0 0 ] 
[0 1 0 0 0 0 ] 
[1 0 0 0 0 0 ] 
[0 0 1e-1 1e-1 -1√2e-1 0 ] 


[0 0 0 0 0 1 ] 
[0 0 1e-1 1e-1 1√2e-1 0 ] 
[0 0 -1e-1 -1e-1 1√2e-1 0 ] 
[0 1 0 0 0 0 ] 
[1 0 0 0 0 0 ] 
[0 0 -1√2e-1 1√2e-1 0 0 ] 


[0 0 0 0 0 1 ] 
[0 0 1e-1 1e-1 1√2e-1 0 ] 
[0 0 1e-1 1e-1 -1√2e-1 0 ] 
[0 1 0 0 0 0 ] 
[1 0 0 0 0 0 ] 
[0 0 -1√2e-1 1√2e-1 0 0 ] 


[0 0 0 0 1√2e-1 1√2e-1 ] 
[0 0 1√2e-1 1√2e-1 0 0 ] 
[0 0 -1√2e-1 1√2e-1 0 0 ] 
[0 1 0 0 0 0 ] 
[1 0 0 0 0 0 ] 
[0 0 0 0 -1√2e-1 1√2e-1 ] 


[0 0 0 0 1√2e-1 1√2e-1 ] 
[0 0 1√2e-1 1√2e-1 0 0 ] 
[0 0 0 0 -1√2e-1 1√2e-1 ] 
[0 1 0 0 0 0 ] 
[1 0 0 0 0 0 ] 
[0 0 -1√2e-1 1√2e-1 0 0 ] 


[0 0 0 1e-1 1e-1 1√2e-1 ] 
[0 0 1 0 0 0 ] 
[0 0 0 -1√2e-1 1√2e-1 0 ] 
[0 1 0 0 0 0 ] 
[1 0 0 0 0 0 ] 
[0 0 0 -1e-1 -1e-1 1√2e-1 ] 


[0 0 0 1e-1 1e-1 1√2e-1 ] 
[0 0 1 0 0 0 ] 
[0 0 0 -1√2e-1 1√2e-1 0 ] 
[0 1 0 0 0 0 ] 
[1 0 0 0 0 0 ] 
[0 0 0 1e-1 1e-1 -1√2e-1 ] 


[0 0 0 1e-1 1e-1 1√2e-1 ] 
[0 0 1 0 0 0 ] 
[0 0 0 -1e-1 -1e-1 1√2e-1 ] 
[0 1 0 0 0 0 ] 
[1 0 0 0 0 0 ] 
[0 0 0 -1√2e-1 1√2e-1 0 ] 


[0 0 0 1e-1 1e-1 1√2e-1 ] 
[0 0 1 0 0 0 ] 
[0 0 0 1e-1 1e-1 -1√2e-1 ] 
[0 1 0 0 0 0 ] 
[1 0 0 0 0 0 ] 
[0 0 0 -1√2e-1 1√2e-1 0 ] 


[0 0 0 0 0 1 ] 
[0 0 0 0 1 0 ] 
[0 1e-1 1e-1 1√2e-1 0 0 ] 
[0 -1√2e-1 1√2e-1 0 0 0 ] 
[1 0 0 0 0 0 ] 
[0 -1e-1 -1e-1 1√2e-1 0 0 ] 


[0 0 0 0 0 1 ] 
[0 0 0 0 1 0 ] 
[0 1e-1 1e-1 1√2e-1 0 0 ] 
[0 -1√2e-1 1√2e-1 0 0 0 ] 
[1 0 0 0 0 0 ] 
[0 1e-1 1e-1 -1√2e-1 0 0 ] 


[0 0 0 0 0 1 ] 
[0 0 0 0 1 0 ] 
[0 1e-1 1e-1 1√2e-1 0 0 ] 
[0 -1e-1 -1e-1 1√2e-1 0 0 ] 
[1 0 0 0 0 0 ] 
[0 -1√2e-1 1√2e-1 0 0 0 ] 


[0 0 0 0 0 1 ] 
[0 0 0 0 1 0 ] 
[0 1e-1 1e-1 1√2e-1 0 0 ] 
[0 1e-1 1e-1 -1√2e-1 0 0 ] 
[1 0 0 0 0 0 ] 
[0 -1√2e-1 1√2e-1 0 0 0 ] 


[0 0 0 0 0 1 ] 
[0 0 0 1√2e-1 1√2e-1 0 ] 
[0 1√2e-1 1√2e-1 0 0 0 ] 
[0 -1√2e-1 1√2e-1 0 0 0 ] 
[1 0 0 0 0 0 ] 
[0 0 0 -1√2e-1 1√2e-1 0 ] 


[0 0 0 0 1√2e-1 1√2e-1 ] 
[0 0 0 1 0 0 ] 
[0 1√2e-1 1√2e-1 0 0 0 ] 
[0 -1√2e-1 1√2e-1 0 0 0 ] 
[1 0 0 0 0 0 ] 
[0 0 0 0 -1√2e-1 1√2e-1 ] 


[0 0 0 0 0 1 ] 
[0 0 0 1√2e-1 1√2e-1 0 ] 
[0 1√2e-1 1√2e-1 0 0 0 ] 
[0 0 0 -1√2e-1 1√2e-1 0 ] 
[1 0 0 0 0 0 ] 
[0 -1√2e-1 1√2e-1 0 0 0 ] 


[0 0 0 0 1√2e-1 1√2e-1 ] 
[0 0 0 1 0 0 ] 
[0 1√2e-1 1√2e-1 0 0 0 ] 
[0 0 0 0 -1√2e-1 1√2e-1 ] 
[1 0 0 0 0 0 ] 
[0 -1√2e-1 1√2e-1 0 0 0 ] 


[0 0 0 0 0 1 ] 
[0 0 1e-1 1e-1 1√2e-1 0 ] 
[0 1 0 0 0 0 ] 
[0 0 -1√2e-1 1√2e-1 0 0 ] 
[1 0 0 0 0 0 ] 
[0 0 -1e-1 -1e-1 1√2e-1 0 ] 


[0 0 0 0 0 1 ] 
[0 0 1e-1 1e-1 1√2e-1 0 ] 
[0 1 0 0 0 0 ] 
[0 0 -1√2e-1 1√2e-1 0 0 ] 
[1 0 0 0 0 0 ] 
[0 0 1e-1 1e-1 -1√2e-1 0 ] 


[0 0 0 0 0 1 ] 
[0 0 1e-1 1e-1 1√2e-1 0 ] 
[0 1 0 0 0 0 ] 
[0 0 -1e-1 -1e-1 1√2e-1 0 ] 
[1 0 0 0 0 0 ] 
[0 0 -1√2e-1 1√2e-1 0 0 ] 


[0 0 0 0 0 1 ] 
[0 0 1e-1 1e-1 1√2e-1 0 ] 
[0 1 0 0 0 0 ] 
[0 0 1e-1 1e-1 -1√2e-1 0 ] 
[1 0 0 0 0 0 ] 
[0 0 -1√2e-1 1√2e-1 0 0 ] 


[0 0 0 0 1√2e-1 1√2e-1 ] 
[0 0 1√2e-1 1√2e-1 0 0 ] 
[0 1 0 0 0 0 ] 
[0 0 -1√2e-1 1√2e-1 0 0 ] 
[1 0 0 0 0 0 ] 
[0 0 0 0 -1√2e-1 1√2e-1 ] 


[0 0 0 0 1√2e-1 1√2e-1 ] 
[0 0 1√2e-1 1√2e-1 0 0 ] 
[0 1 0 0 0 0 ] 
[0 0 0 0 -1√2e-1 1√2e-1 ] 
[1 0 0 0 0 0 ] 
[0 0 -1√2e-1 1√2e-1 0 0 ] 


[0 0 0 1e-1 1e-1 1√2e-1 ] 
[0 0 1 0 0 0 ] 
[0 1 0 0 0 0 ] 
[0 0 0 -1√2e-1 1√2e-1 0 ] 
[1 0 0 0 0 0 ] 
[0 0 0 -1e-1 -1e-1 1√2e-1 ] 


[0 0 0 1e-1 1e-1 1√2e-1 ] 
[0 0 1 0 0 0 ] 
[0 1 0 0 0 0 ] 
[0 0 0 -1√2e-1 1√2e-1 0 ] 
[1 0 0 0 0 0 ] 
[0 0 0 1e-1 1e-1 -1√2e-1 ] 


[0 0 0 1e-1 1e-1 1√2e-1 ] 
[0 0 1 0 0 0 ] 
[0 1 0 0 0 0 ] 
[0 0 0 -1e-1 -1e-1 1√2e-1 ] 
[1 0 0 0 0 0 ] 
[0 0 0 -1√2e-1 1√2e-1 0 ] 


[0 0 0 1e-1 1e-1 1√2e-1 ] 
[0 0 1 0 0 0 ] 
[0 1 0 0 0 0 ] 
[0 0 0 1e-1 1e-1 -1√2e-1 ] 
[1 0 0 0 0 0 ] 
[0 0 0 -1√2e-1 1√2e-1 0 ] 


[0 0 0 0 0 1 ] 
[0 0 0 0 1 0 ] 
[0 0 0 1 0 0 ] 
[1e-1 1e-1 1√2e-1 0 0 0 ] 
[-1√2e-1 1√2e-1 0 0 0 0 ] 
[-1e-1 -1e-1 1√2e-1 0 0 0 ] 


[0 0 0 0 0 1 ] 
[0 0 0 0 1 0 ] 
[0 0 0 1 0 0 ] 
[1e-1 1e-1 1√2e-1 0 0 0 ] 
[-1√2e-1 1√2e-1 0 0 0 0 ] 
[1e-1 1e-1 -1√2e-1 0 0 0 ] 


[0 0 0 0 0 1 ] 
[0 0 0 0 1 0 ] 
[0 0 0 1 0 0 ] 
[1e-1 1e-1 1√2e-1 0 0 0 ] 
[-1e-1 -1e-1 1√2e-1 0 0 0 ] 
[-1√2e-1 1√2e-1 0 0 0 0 ] 


[0 0 0 0 0 1 ] 
[0 0 0 0 1 0 ] 
[0 0 0 1 0 0 ] 
[1e-1 1e-1 1√2e-1 0 0 0 ] 
[1e-1 1e-1 -1√2e-1 0 0 0 ] 
[-1√2e-1 1√2e-1 0 0 0 0 ] 


[0 0 0 0 0 1 ] 
[0 0 0 0 1 0 ] 
[0 0 1√2e-1 1√2e-1 0 0 ] 
[1√2e-1 1√2e-1 0 0 0 0 ] 
[-1√2e-1 1√2e-1 0 0 0 0 ] 
[0 0 -1√2e-1 1√2e-1 0 0 ] 


[0 0 0 0 0 1 ] 
[0 0 0 1√2e-1 1√2e-1 0 ] 
[0 0 1 0 0 0 ] 
[1√2e-1 1√2e-1 0 0 0 0 ] 
[-1√2e-1 1√2e-1 0 0 0 0 ] 
[0 0 0 -1√2e-1 1√2e-1 0 ] 


[0 0 0 0 1√2e-1 1√2e-1 ] 
[0 0 0 1 0 0 ] 
[0 0 1 0 0 0 ] 
[1√2e-1 1√2e-1 0 0 0 0 ] 
[-1√2e-1 1√2e-1 0 0 0 0 ] 
[0 0 0 0 -1√2e-1 1√2e-1 ] 


[0 0 0 0 0 1 ] 
[0 0 0 0 1 0 ] 
[0 0 1√2e-1 1√2e-1 0 0 ] 
[1√2e-1 1√2e-1 0 0 0 0 ] 
[0 0 -1√2e-1 1√2e-1 0 0 ] 
[-1√2e-1 1√2e-1 0 0 0 0 ] 


[0 0 0 0 0 1 ] 
[0 0 0 1√2e-1 1√2e-1 0 ] 
[0 0 1 0 0 0 ] 
[1√2e-1 1√2e-1 0 0 0 0 ] 
[0 0 0 -1√2e-1 1√2e-1 0 ] 
[-1√2e-1 1√2e-1 0 0 0 0 ] 


[0 0 0 0 1√2e-1 1√2e-1 ] 
[0 0 0 1 0 0 ] 
[0 0 1 0 0 0 ] 
[1√2e-1 1√2e-1 0 0 0 0 ] 
[0 0 0 0 -1√2e-1 1√2e-1 ] 
[-1√2e-1 1√2e-1 0 0 0 0 ] 


[0 0 0 0 0 1 ] 
[0 0 0 0 1 0 ] 
[0 1e-1 1e-1 1√2e-1 0 0 ] 
[1 0 0 0 0 0 ] 
[0 -1√2e-1 1√2e-1 0 0 0 ] 
[0 -1e-1 -1e-1 1√2e-1 0 0 ] 


[0 0 0 0 0 1 ] 
[0 0 0 0 1 0 ] 
[0 1e-1 1e-1 1√2e-1 0 0 ] 
[1 0 0 0 0 0 ] 
[0 -1√2e-1 1√2e-1 0 0 0 ] 
[0 1e-1 1e-1 -1√2e-1 0 0 ] 


[0 0 0 0 0 1 ] 
[0 0 0 0 1 0 ] 
[0 1e-1 1e-1 1√2e-1 0 0 ] 
[1 0 0 0 0 0 ] 
[0 -1e-1 -1e-1 1√2e-1 0 0 ] 
[0 -1√2e-1 1√2e-1 0 0 0 ] 


[0 0 0 0 0 1 ] 
[0 0 0 0 1 0 ] 
[0 1e-1 1e-1 1√2e-1 0 0 ] 
[1 0 0 0 0 0 ] 
[0 1e-1 1e-1 -1√2e-1 0 0 ] 
[0 -1√2e-1 1√2e-1 0 0 0 ] 


[0 0 0 0 0 1 ] 
[0 0 0 1√2e-1 1√2e-1 0 ] 
[0 1√2e-1 1√2e-1 0 0 0 ] 
[1 0 0 0 0 0 ] 
[0 -1√2e-1 1√2e-1 0 0 0 ] 
[0 0 0 -1√2e-1 1√2e-1 0 ] 


[0 0 0 0 1√2e-1 1√2e-1 ] 
[0 0 0 1 0 0 ] 
[0 1√2e-1 1√2e-1 0 0 0 ] 
[1 0 0 0 0 0 ] 
[0 -1√2e-1 1√2e-1 0 0 0 ] 
[0 0 0 0 -1√2e-1 1√2e-1 ] 


[0 0 0 0 0 1 ] 
[0 0 0 1√2e-1 1√2e-1 0 ] 
[0 1√2e-1 1√2e-1 0 0 0 ] 
[1 0 0 0 0 0 ] 
[0 0 0 -1√2e-1 1√2e-1 0 ] 
[0 -1√2e-1 1√2e-1 0 0 0 ] 


[0 0 0 0 1√2e-1 1√2e-1 ] 
[0 0 0 1 0 0 ] 
[0 1√2e-1 1√2e-1 0 0 0 ] 
[1 0 0 0 0 0 ] 
[0 0 0 0 -1√2e-1 1√2e-1 ] 
[0 -1√2e-1 1√2e-1 0 0 0 ] 


[0 0 0 0 0 1 ] 
[0 0 1e-1 1e-1 1√2e-1 0 ] 
[0 1 0 0 0 0 ] 
[1 0 0 0 0 0 ] 
[0 0 -1√2e-1 1√2e-1 0 0 ] 
[0 0 -1e-1 -1e-1 1√2e-1 0 ] 


[0 0 0 0 0 1 ] 
[0 0 1e-1 1e-1 1√2e-1 0 ] 
[0 1 0 0 0 0 ] 
[1 0 0 0 0 0 ] 
[0 0 -1√2e-1 1√2e-1 0 0 ] 
[0 0 1e-1 1e-1 -1√2e-1 0 ] 


[0 0 0 0 0 1 ] 
[0 0 1e-1 1e-1 1√2e-1 0 ] 
[0 1 0 0 0 0 ] 
[1 0 0 0 0 0 ] 
[0 0 -1e-1 -1e-1 1√2e-1 0 ] 
[0 0 -1√2e-1 1√2e-1 0 0 ] 


[0 0 0 0 0 1 ] 
[0 0 1e-1 1e-1 1√2e-1 0 ] 
[0 1 0 0 0 0 ] 
[1 0 0 0 0 0 ] 
[0 0 1e-1 1e-1 -1√2e-1 0 ] 
[0 0 -1√2e-1 1√2e-1 0 0 ] 


[0 0 0 0 1√2e-1 1√2e-1 ] 
[0 0 1√2e-1 1√2e-1 0 0 ] 
[0 1 0 0 0 0 ] 
[1 0 0 0 0 0 ] 
[0 0 -1√2e-1 1√2e-1 0 0 ] 
[0 0 0 0 -1√2e-1 1√2e-1 ] 


[0 0 0 0 1√2e-1 1√2e-1 ] 
[0 0 1√2e-1 1√2e-1 0 0 ] 
[0 1 0 0 0 0 ] 
[1 0 0 0 0 0 ] 
[0 0 0 0 -1√2e-1 1√2e-1 ] 
[0 0 -1√2e-1 1√2e-1 0 0 ] 


[0 0 0 1e-1 1e-1 1√2e-1 ] 
[0 0 1 0 0 0 ] 
[0 1 0 0 0 0 ] 
[1 0 0 0 0 0 ] 
[0 0 0 -1√2e-1 1√2e-1 0 ] 
[0 0 0 -1e-1 -1e-1 1√2e-1 ] 


[0 0 0 1e-1 1e-1 1√2e-1 ] 
[0 0 1 0 0 0 ] 
[0 1 0 0 0 0 ] 
[1 0 0 0 0 0 ] 
[0 0 0 -1√2e-1 1√2e-1 0 ] 
[0 0 0 1e-1 1e-1 -1√2e-1 ] 


[0 0 0 1e-1 1e-1 1√2e-1 ] 
[0 0 1 0 0 0 ] 
[0 1 0 0 0 0 ] 
[1 0 0 0 0 0 ] 
[0 0 0 -1e-1 -1e-1 1√2e-1 ] 
[0 0 0 -1√2e-1 1√2e-1 0 ] 


[0 0 0 1e-1 1e-1 1√2e-1 ] 
[0 0 1 0 0 0 ] 
[0 1 0 0 0 0 ] 
[1 0 0 0 0 0 ] 
[0 0 0 1e-1 1e-1 -1√2e-1 ] 
[0 0 0 -1√2e-1 1√2e-1 0 ] 

